26,6,49,71
60,4,50,59
38,4,51,87
51,8,48,70
34,1,49,49
42,7,52,51
58,2,49,70
51,3,51,76
23,13,82,380
23,13,83,96
27,9,81,84
24,14,82,97
27,14,82,525
28,13,82,32
29,10,82,368
24,18,101,112
25,18,102,130
26,24,102,132
26,15,102,96
59,3,50,78
11,11,51,97
52,9,49,66
34,1,48,72
42,8,52,75
2,3,52,61
58,3,49,68
52,3,51,85
24,12,82,197
27,14,83,58
28,14,82,327
23,18,101,166
27,17,102,136
24,19,102,175
30,23,101,48
25,15,101,88
23,19,102,102
58,3,50,69
38,5,51,81
11,11,50,76
5,2,52,69
51,9,49,55
34,1,47,50
23,12,82,332
28,10,83,83
30,10,81,41
23,18,102,177
30,22,102,149
43,16,50,79
12,12,51,96
5,1,52,87
51,9,48,100
33,2,47,52
3,3,52,78
59,2,49,65
27,9,83,84
28,9,83,46
30,10,82,189
25,16,102,142
57,3,49,66
43,17,51,54
37,5,51,81
41,8,52,64
50,3,51,86
26,10,82,450
29,14,82,330
27,15,82,186
27,9,82,390
26,16,102,165
23,19,101,107
25,7,48,66
38,6,52,87
14,13,51,86
60,1,48,69
24,15,83,7
26,14,82,464
30,11,81,22
26,17,101,59
24,16,102,125
22,19,101,90
26,6,48,67
57,4,50,74
46,15,52,64
5,1,50,68
50,2,51,96
26,10,81,141
22,18,102,104
24,17,101,57
26,7,49,51
46,16,52,50
38,7,53,37
3,1,51,101
32,3,48,63
39,8,52,82
1,2,52,81
49,3,51,91
24,18,102,164
22,15,102,99
21,20,101,36
28,7,49,55
56,4,49,72
4,1,52,67
39,7,52,53
61,1,50,90
49,4,51,66
25,14,83,98
24,15,102,81
26,22,102,119
27,6,49,49
58,4,51,75
46,16,51,62
38,7,52,84
14,13,52,76
52,10,48,56
36,8,51,71
1,2,51,92
61,1,51,66
25,13,82,458
29,12,82,331
26,9,81,25
28,10,82,283
30,24,102,166
26,23,101,144
23,19,103,8
48,16,50,71
13,13,52,51
4,1,53,28
62,2,51,73
25,10,82,350
27,16,101,56
28,6,48,48
58,3,51,86
48,17,50,62
13,11,52,58
4,1,54,35
2,1,51,90
22,15,101,85
22,18,101,70
28,5,49,44
48,17,51,44
53,8,48,66
34,2,47,52
61,4,51,72
48,3,51,95
23,12,81,58
25,14,82,339
25,13,81,95
27,18,102,147
30,24,101,53
26,23,102,188
27,5,47,47
59,3,51,68
50,17,51,53
33,2,49,58
38,9,51,107
49,2,52,75
27,10,82,361
30,11,83,91
25,19,102,171
23,20,102,139
27,4,45,29
59,5,51,53
52,18,51,57
39,6,50,76
34,4,52,85
62,3,47,59
48,2,52,80
27,10,81,252
23,20,101,104
26,4,45,24
53,7,47,48
34,4,51,89
62,2,48,87
48,1,52,86
24,11,82,387
22,20,102,123
25,5,45,23
59,5,48,74
39,7,50,82
13,10,51,96
54,8,48,91
4,1,51,89
61,2,48,77
49,1,50,84
28,9,82,425
21,19,101,60
21,19,102,55
50,18,51,58
40,7,52,64
12,9,50,89
57,8,49,53
35,5,51,101
61,3,47,52
26,14,81,98
26,5,44,25
50,18,52,51
3,1,54,22
35,4,51,96
38,8,52,72
4,2,51,117
50,2,50,55
29,12,83,139
28,17,103,23
50,19,51,53
39,6,52,66
13,11,51,91
56,8,50,68
60,4,48,77
28,16,102,67
27,23,102,121
22,21,102,125
58,5,48,97
15,12,50,56
57,9,51,61
32,4,50,93
61,5,50,68
49,2,50,82
25,12,82,37
29,9,83,55
29,13,82,379
26,18,102,213
22,14,101,38
21,18,102,77
57,5,48,92
51,19,51,56
39,5,51,94
14,12,50,62
57,9,50,74
33,4,50,88
6,3,52,72
49,2,51,78
26,13,82,385
28,14,83,90
28,10,81,67
26,17,102,147
22,16,102,94
26,7,46,39
58,5,49,57
39,6,51,97
14,11,50,77
57,10,50,61
33,2,50,88
6,4,53,24
48,4,51,78
24,13,82,492
28,11,82,36
23,17,102,130
20,19,102,47
58,3,48,77
52,20,50,70
40,4,51,110
8,1,52,78
27,10,85,1
24,16,101,69
59,2,47,42
51,20,51,69
39,3,50,70
56,11,50,59
7,3,54,40
61,5,49,51
46,3,51,109
26,11,84,9
24,13,81,97
50,19,50,45
60,3,50,73
46,2,51,76
25,10,48,61
49,21,51,61
41,4,51,104
56,7,50,71
32,4,51,88
35,6,52,67
6,1,55,24
45,1,51,105
29,9,84,6
49,20,50,71
43,3,51,98
8,1,51,82
57,8,50,60
35,7,52,67
59,2,52,58
29,8,82,224
23,21,101,104
25,9,49,46
42,3,51,80
8,2,51,80
32,3,51,109
34,7,52,80
58,3,52,79
26,9,82,152
25,17,101,159
19,18,102,77
51,18,48,60
59,11,49,74
5,1,54,46
23,11,82,307
29,14,83,43
29,9,81,134
42,3,52,78
15,10,52,49
8,3,50,47
59,12,48,69
34,3,51,106
5,2,53,22
45,2,52,69
24,11,83,63
30,9,82,372
29,9,82,389
25,17,102,224
24,9,50,74
43,4,52,75
59,12,49,68
33,6,52,67
58,2,53,29
59,1,49,80
50,18,48,68
43,4,51,83
15,9,51,83
32,6,51,116
60,2,52,63
28,9,86,1
25,10,49,65
58,1,49,69
50,17,48,67
43,5,50,74
16,9,51,106
7,3,51,108
58,13,49,64
34,2,51,120
60,2,51,71
44,2,51,97
24,10,83,68
29,10,87,2
29,8,83,58
24,17,102,140
26,10,49,48
50,17,49,51
16,10,50,87
6,1,54,36
59,2,51,66
44,1,50,86
26,11,81,9
23,17,101,87
31,23,102,45
43,6,50,77
8,3,51,76
32,7,51,105
44,2,50,111
29,9,86,3
26,11,82,89
25,17,103,26
31,24,102,84
20,18,101,68
26,11,50,67
57,2,50,80
48,18,49,52
43,5,49,59
59,13,50,48
35,2,51,114
31,8,51,90
61,4,50,75
27,13,82,139
25,11,49,46
55,4,50,73
48,18,48,63
41,6,48,75
16,11,51,89
6,3,51,84
59,11,53,24
35,1,51,105
34,5,51,85
6,1,52,71
62,1,47,63
45,2,51,106
32,22,101,13
25,11,50,74
54,4,51,67
48,17,47,33
41,6,47,42
35,4,49,53
7,1,52,64
62,2,47,53
53,4,51,87
49,16,47,44
57,11,54,36
37,4,50,97
22,11,82,187
24,19,101,106
26,13,52,51
51,16,49,52
40,5,48,68
58,11,53,24
33,1,51,120
36,5,51,95
8,1,53,23
62,4,47,40
52,3,52,46
39,5,48,69
7,3,52,70
58,10,53,30
8,2,53,25
29,9,87,3
27,13,81,24
31,21,101,59
40,6,48,53
36,6,51,92
24,20,102,190
24,16,51,67
50,14,49,64
40,4,47,49
58,9,54,51
38,7,51,82
8,2,49,32
52,2,51,91
49,14,49,77
40,3,48,53
58,9,55,30
8,1,49,43
62,3,48,84
22,12,82,318
28,18,102,151
20,17,102,66
23,16,50,84
51,1,52,74
50,15,51,61
42,3,48,68
57,7,52,49
62,2,49,65
45,1,50,89
22,15,83,4
30,22,103,21
26,20,102,179
51,2,52,66
51,14,50,69
43,4,49,56
6,2,51,73
57,8,51,70
36,4,51,83
37,5,50,82
8,2,48,37
60,1,47,37
30,10,85,2
25,13,83,74
26,16,103,13
23,16,51,90
50,14,51,59
57,7,48,86
61,2,47,43
24,20,101,118
26,20,101,167
19,18,101,64
23,17,51,52
49,1,51,110
50,13,51,47
43,4,48,76
16,10,52,72
58,8,49,67
7,3,48,35
60,3,46,59
22,14,82,7
17,11,51,79
7,2,48,36
60,4,46,52
30,10,86,1
22,13,83,69
26,14,83,86
19,17,101,63
22,16,50,54
52,14,51,52
42,4,48,89
18,10,52,60
7,1,51,78
56,6,51,76
38,3,51,90
9,2,49,36
44,3,51,82
29,10,85,1
23,16,52,58
52,13,51,59
44,4,48,75
17,9,52,73
6,1,51,101
7,1,48,27
43,3,52,79
28,9,81,187
26,19,102,162
19,19,101,22
50,1,52,81
51,12,51,77
44,5,48,73
37,3,49,54
52,12,51,63
16,10,51,103
38,3,49,33
22,16,101,56
50,1,51,95
57,6,49,48
7,2,47,26
26,15,82,45
28,9,85,3
25,20,102,188
23,15,102,140
22,16,51,60
57,7,49,77
6,2,48,33
59,4,45,32
42,2,52,81
23,12,83,107
30,13,82,206
47,1,51,101
15,9,50,74
6,4,51,82
56,8,49,56
39,8,50,72
6,1,50,95
57,4,45,28
28,9,88,1
22,20,103,18
22,15,51,66
44,5,49,60
6,4,50,81
56,9,49,61
40,7,50,78
57,5,45,30
23,15,101,90
21,21,102,82
22,16,52,62
57,10,48,49
37,3,48,73
41,8,50,75
25,11,82,395
26,19,101,97
31,22,101,88
47,2,51,90
14,9,52,66
42,7,49,47
57,3,45,39
22,13,82,215
25,20,101,100
22,22,102,38
53,13,50,57
45,4,49,55
58,10,47,48
35,2,48,68
42,5,49,52
57,2,44,29
42,4,52,59
25,11,81,83
29,11,82,380
22,19,102,120
51,12,49,68
36,4,48,65
42,6,50,86
28,12,82,16
20,20,102,64
46,1,50,102
52,11,49,74
47,5,51,88
6,3,50,90
42,6,51,90
44,3,50,75
24,13,83,64
21,20,102,83
24,17,51,58
47,3,51,93
52,11,50,62
47,6,50,77
36,5,47,51
43,6,49,52
57,1,44,18
30,9,86,2
25,10,81,241
23,16,101,130
31,21,102,88
24,17,50,49
46,4,51,92
51,10,50,76
14,9,51,122
59,9,47,53
35,5,48,61
21,21,103,9
51,9,51,77
15,9,52,91
5,3,50,59
35,5,47,44
5,2,49,45
25,20,103,27
15,9,53,19
34,5,48,66
42,6,49,70
43,2,52,70
25,21,101,17
20,21,102,74
47,3,50,70
43,7,48,80
4,3,49,36
34,6,48,68
42,8,48,69
4,3,48,42
28,15,81,82
24,21,101,80
24,18,103,17
46,5,51,91
60,9,47,46
27,11,81,6
29,15,82,283
50,8,51,91
60,8,47,44
34,5,47,37
42,2,51,96
4,2,50,63
59,8,47,37
5,3,48,42
44,1,51,88
48,9,50,75
45,5,50,58
16,6,52,76
3,5,52,64
44,7,51,81
4,5,47,19
48,9,49,71
16,6,51,90
48,10,49,67
46,4,50,97
17,6,50,103
4,4,52,65
61,8,47,43
35,6,47,38
43,8,50,69
5,6,48,31
28,8,82,48
24,15,51,75
42,1,50,80
50,10,48,79
5,4,52,72
60,8,46,41
44,9,48,80
5,6,47,25
57,2,45,31
22,20,101,104
24,16,50,64
16,7,51,99
45,10,48,81
6,5,48,39
54,1,45,35
28,7,86,1
30,14,82,259
26,19,104,1
24,16,49,37
16,8,50,83
5,6,49,40
46,1,52,50
31,14,82,14
50,9,49,52
46,5,50,70
18,6,49,45
7,4,48,27
44,2,52,68
22,21,101,100
23,17,50,65
7,2,52,72
60,5,48,84
5,5,48,31
27,5,85,1
27,15,81,41
20,21,101,41
24,19,50,57
50,9,47,38
18,6,50,106
58,5,47,44
49,11,50,84
54,1,47,60
31,20,102,40
24,18,48,38
51,8,47,44
59,5,47,41
5,4,47,24
55,1,46,54
25,10,83,38
21,22,101,56
24,19,48,48
51,9,47,54
47,4,51,94
60,5,47,51
50,11,50,90
55,2,45,41
24,10,82,214
31,16,82,211
50,7,48,91
61,3,50,76
6,1,44,13
53,2,46,58
23,18,50,63
51,7,47,46
7,4,52,58
61,3,49,59
7,1,45,19
28,14,81,54
31,15,82,265
30,9,83,54
27,19,102,132
22,20,50,59
52,7,48,65
37,6,48,63
9,1,45,25
51,2,45,44
42,1,52,68
24,19,104,2
29,20,102,14
22,21,50,48
52,5,49,54
48,11,50,73
9,1,47,25
50,3,44,29
40,1,52,79
23,19,105,2
29,20,101,4
53,4,49,56
47,6,49,58
18,3,51,112
9,4,50,65
61,2,50,77
37,4,47,37
50,1,46,62
28,15,82,243
22,22,50,47
53,3,51,71
48,5,49,68
7,2,50,76
61,3,52,68
36,5,48,71
48,10,47,33
10,1,45,21
38,1,51,107
25,18,101,73
20,20,50,65
43,1,48,98
17,1,50,110
61,3,51,75
36,6,47,61
38,2,52,86
29,15,83,50
23,21,103,13
21,19,104,2
44,1,48,72
49,4,49,55
17,2,50,107
62,3,51,77
37,8,47,50
47,9,47,46
9,1,46,31
49,1,46,63
29,5,87,1
23,21,102,169
16,2,51,107
51,1,47,63
22,17,102,156
20,21,50,59
51,4,51,86
47,9,46,44
50,2,47,48
23,16,102,97
20,20,49,42
45,3,48,71
50,5,52,50
38,8,49,53
48,9,47,63
9,2,48,41
50,1,47,60
31,9,82,144
21,20,48,35
49,4,48,82
38,9,50,81
48,8,48,63
9,1,49,52
39,2,51,99
44,3,48,85
17,3,52,70
39,8,51,74
10,1,50,77
51,3,48,93
36,2,51,105
30,6,88,1
26,9,83,48
21,20,47,20
44,3,49,60
17,3,51,88
9,1,52,83
61,1,52,83
38,8,50,77
10,2,49,35
44,1,52,76
51,4,52,77
62,1,52,65
48,6,48,86
12,1,47,36
51,3,50,81
20,15,101,21
49,5,48,80
60,2,50,72
37,7,49,60
46,7,49,63
31,3,84,1
20,16,101,51
28,19,102,182
20,21,47,28
35,7,50,84
45,6,50,80
11,1,46,31
51,4,50,68
37,2,52,75
25,19,101,134
20,20,48,33
49,5,49,70
60,1,49,63
34,8,51,111
46,6,50,78
11,2,47,30
37,1,51,100
23,13,81,57
20,19,48,42
48,3,52,68
46,6,49,51
12,2,47,32
19,19,48,34
45,2,50,93
47,2,52,57
49,4,50,79
34,8,50,80
11,2,46,29
50,4,52,75
31,2,83,2
19,18,49,40
59,1,51,78
50,7,49,61
12,1,48,44
39,1,50,107
19,17,49,43
56,1,52,67
36,9,51,104
14,1,48,42
41,1,48,81
27,18,101,71
19,16,50,70
51,5,51,73
17,2,51,132
8,1,50,84
35,9,51,105
13,1,48,50
26,15,101,60
19,15,51,81
50,6,50,78
15,1,51,95
36,7,52,81
12,2,49,53
41,3,48,62
23,16,103,9
25,16,101,86
50,7,50,81
16,1,52,89
12,2,50,65
51,3,52,74
40,2,48,68
24,11,81,135
30,14,81,45
28,20,102,29
19,14,51,60
7,1,50,79
57,1,51,79
11,3,50,86
51,3,53,32
41,3,49,66
30,3,83,2
26,18,101,164
23,15,103,14
20,13,51,79
17,2,52,75
58,1,51,73
35,7,51,94
50,8,48,93
10,3,51,116
50,2,53,24
29,14,81,143
23,14,101,26
18,13,53,27
50,4,50,79
4,1,49,39
8,2,50,74
51,2,53,35
42,2,50,87
46,1,51,123
50,4,51,96
17,4,52,74
52,6,48,79
42,2,49,58
24,20,103,20
19,11,54,35
52,4,49,75
51,4,46,53
50,2,54,33
40,3,50,73
29,3,84,3
30,15,83,95
52,4,47,46
7,2,51,109
40,2,51,91
27,3,84,2
16,5,52,94
60,1,51,56
34,7,51,107
50,2,55,37
18,12,54,41
47,1,52,82
60,1,52,69
33,8,52,66
52,5,47,40
51,1,54,47
26,16,101,144
18,12,55,28
52,4,50,94
40,3,52,80
17,4,50,88
4,1,50,92
52,2,55,37
51,5,48,78
5,1,51,81
52,1,54,53
41,3,52,75
16,5,50,88
3,1,50,63
51,5,47,48
52,2,54,43
27,14,81,178
30,15,82,418
21,17,101,37
18,10,55,23
3,2,51,77
52,1,55,38
18,11,54,34
48,1,51,92
51,6,49,61
16,4,51,112
51,4,48,92
30,14,83,58
52,6,49,60
31,8,82,328
22,17,101,104
20,12,53,25
52,2,50,76
52,6,51,72
60,4,47,58
35,6,51,106
41,3,51,97
51,2,50,73
16,5,51,104
53,4,48,68
30,16,82,117
26,18,103,15
27,17,101,54
27,16,102,146
50,3,49,63
15,7,51,123
4,2,52,66
61,3,45,29
18,14,54,32
50,3,48,76
52,6,52,72
3,1,52,86
53,1,54,45
39,3,52,65
30,2,84,3
54,5,52,62
15,7,52,67
2,2,51,70
62,4,44,20
34,9,51,96
54,5,51,79
38,4,52,95
31,7,82,121
17,13,54,33
54,4,52,67
62,2,45,33
56,5,51,84
37,4,52,75
56,4,50,81
37,3,51,98
30,8,83,75
29,19,102,92
19,13,52,53
47,3,49,58
55,5,50,84
16,7,52,78
1,4,50,61
56,4,51,76
20,14,52,66
46,3,49,57
51,2,51,87
17,6,52,72
2,4,51,75
57,3,51,81
39,4,51,101
30,9,81,134
45,3,49,63
17,6,51,110
1,5,51,80
30,8,81,89
24,21,102,95
29,18,101,44
21,15,52,56
53,2,51,72
56,5,50,59
18,5,50,80
35,8,50,78
39,5,52,72
32,1,82,5
20,16,52,65
52,1,51,89
18,4,51,107
27,20,102,78
2,3,51,80
40,5,51,88
47,6,48,88
57,6,50,86
32,1,84,5
18,14,53,23
